4294967293,131
4294967293,130
4294967293,129
4294967293,128
4294967293,127
4294967293,126
4294967293,125
4294967293,124
4294967293,123
4294967293,122
4294967293,121
4294967293,120
4294967293,119
4294967293,118
4294967293,117
4294967293,116
4294967293,115
4294967293,114
4294967293,113
4294967293,112
4294967293,111
4294967293,110
4294967293,109
4294967293,108
4294967293,107
4294967293,106
4294967293,105
4294967293,104
4294967293,103
4294967293,102
4294967293,101
4294967293,100
4294967293,99
4294967293,98
4294967293,97
4294967293,96
4294967293,95
4294967293,94
4294967293,93
4294967293,92
4294967293,91
4294967293,90
4294967293,89
4294967293,87
4294967293,86
4294967293,85
4294967293,84
4294967293,83
4294967293,82
4294967293,81
4294967293,80
4294967293,79
4294967293,78
4294967293,77
4294967293,76
4294967293,75
4294967293,74
4294967293,73
4294967293,72
4294967293,71
4294967293,70
4294967293,69
4294967293,68
4294967293,67
4294967293,66
4294967293,65
4294967293,64
4294967293,63
4294967293,62
4294967293,61
4294967293,60
4294967293,59
4294967293,58
4294967293,57
4294967293,56
4294967293,55
4294967293,54
4294967293,53
4294967293,52
4294967293,51
4294967293,50
4294967293,49
4294967293,48
4294967293,47
4294967293,46
4294967293,45
4294967293,44
4294967293,43
4294967293,42
4294967293,41
4294967293,40
4294967293,39
4294967293,38
4294967293,37
4294967293,36
4294967293,35
4294967293,34
4294967293,33
4294967293,32
4294967293,31
4294967293,30
4294967293,29
4294967293,28
4294967293,27
4294967293,26
4294967293,25
4294967293,24
4294967293,23
4294967293,22
4294967293,21
4294967293,20
4294967293,19
4294967293,18
4294967293,17
4294967293,16
4294967293,15
4294967293,14
4294967293,13
4294967293,12
4294967293,11
4294967293,10
4294967293,9
4294967293,8
4294967293,7
4294967293,6
4294967293,5
4294967293,4
4294967293,3
4294967278,341
4294967278,132
4294967278,257
4294967278,130
4294967278,305
4294967278,129
4294967278,486
4294967278,256
4294967278,127
4294967278,126
4294967278,285
4294967278,125
4294967278,299
4294967278,124
4294967278,298
4294967278,123
4294967278,250
4294967278,121
4294967278,120
4294967278,246
4294967278,119
4294967278,244
4294967278,118
4294967278,242
4294967278,117
4294967278,276
4294967278,115
4294967278,360
4294967278,114
4294967278,236
4294967278,113
4294967278,234
4294967278,112
4294967278,232
4294967278,111
4294967278,226
4294967278,108
4294967278,224
4294967278,107
4294967278,106
4294967278,220
4294967278,105
4294967278,102
4294967278,485
4294967278,338
4294967278,101
4294967278,337
4294967278,100
4294967278,336
4294967278,99
4294967278,98
4294967278,297
4294967278,95
4294967278,334
4294967278,94
4294967278,382
4294967278,93
4294967278,358
4294967278,92
4294967278,484
4294967278,332
4294967278,87
4294967278,473
4294967278,295
4294967278,86
4294967278,294
4294967278,85
4294967278,480
4294967278,331
4294967278,84
4294967278,380
4294967278,81
4294967278,80
4294967278,379
4294967278,79
4294967278,293
4294967278,78
4294967278,378
4294967278,77
4294967278,74
4294967278,73
4294967278,327
4294967278,72
4294967278,354
4294967278,71
4294967278,353
4294967278,70
4294967278,352
4294967278,68
4294967278,67
4294967278,66
4294967278,375
4294967278,65
4294967278,326
4294967278,64
4294967278,63
4294967278,62
4294967278,470
4294967278,61
4294967278,479
4294967278,478
4294967278,59
4294967278,53
4294967278,50
4294967278,49
4294967278,477
4294967278,482
4294967278,481
4294967278,88
4294967278,349
4294967278,474
4294967278,0
4294967278,260
4294967279,357
4294967279,112
4294967279,351
4294967279,350
4294967279,101
4294967279,100
4294967279,99
4294967279,98
4294967279,96
4294967279,95
4294967279,93
4294967279,92
4294967279,90
4294967279,89
4294967279,349
4294967279,87
4294967279,86
4294967279,356
4294967279,524
4294967279,78
4294967279,71
4294967279,571
4294967279,68
4294967279,514
4294967279,63
4294967279,60
4294967279,59
4294967279,58
4294967279,300
4294967279,358
4294967279,306
4294967279,51
4294967279,50
4294967279,49
4294967279,47
4294967279,46
4294967279,44
4294967279,566
4294967279,43
4294967279,41
4294967279,39
4294967279,38
4294967279,538
4294967279,37
4294967279,36
4294967279,355
4294967279,295
4294967279,35
4294967279,33
4294967279,32
4294967279,31
4294967279,30
4294967279,318
4294967279,28
4294967279,27
4294967279,25
4294967279,24
4294967279,21
4294967279,14
4294967279,8
4294967279,262
4294967279,7
4294967279,354
4294967279,283
4294967279,6
4294967279,174
4294967279,88
4294967279,542
4294967279,5
4294967279,0
4294967279,352
4294967279,281
4294967279,4
0,5
4294967294,1428
4294967294,477
4294967294,476
4294967294,1426
4294967294,22
4294967294,17
4294967294,42
4294967294,436
4294967294,387
4294967294,1167
4294967294,40
4294967294,481
4294967294,19
4294967294,1177
4294967294,68
4294967294,126
4294967294,12
4294967294,127
4294967294,18
4294967294,67
4294967294,11
4294967294,1172
4294967294,1248
4294967294,470
4294967294,1241
4294967278,472
4294967279,573
4294967278,355
4294967279,519
4294967279,548
4294967278,471
4294967279,348
4294967278,376
4294967294,1802
4294967294,1454
4294967294,1003
4294967294,1001
4294967294,998
4294967294,997
4294967294,995
4294967294,994
4294967294,1806
4294967294,992
4294967294,991
4294967294,732
4294967294,990
4294967294,989
4294967294,988
4294967294,987
4294967294,986
4294967294,985
4294967294,983
4294967294,982
4294967294,979
4294967294,976
4294967294,974
4294967294,973
4294967294,972
4294967294,971
4294967294,970
4294967294,969
4294967294,965
4294967294,962
4294967294,961
4294967294,960
4294967294,956
4294967294,955
4294967294,953
4294967294,951
4294967294,945
4294967294,944
4294967294,943
4294967294,942
4294967294,1077
4294967294,935
4294967294,932
4294967294,930
4294967294,929
4294967294,928
4294967294,927
4294967294,924
4294967294,1085
4294967294,918
4294967294,917
4294967294,916
4294967294,910
4294967294,908
4294967294,906
4294967294,904
4294967294,901
4294967294,900
4294967294,898
4294967294,896
4294967294,895
4294967294,892
4294967294,891
4294967294,890
4294967294,888
4294967294,886
4294967294,883
4294967294,882
4294967294,881
4294967294,879
4294967294,877
4294967294,876
4294967294,874
4294967294,870
4294967294,869
4294967294,868
4294967294,867
4294967294,866
4294967294,863
4294967294,860
4294967294,859
4294967294,854
4294967294,1424
4294967294,853
4294967294,851
4294967294,849
4294967294,848
4294967294,847
4294967294,846
4294967294,720
4294967294,845
4294967294,844
4294967294,843
4294967294,840
4294967294,839
4294967294,836
4294967294,835
4294967294,719
4294967294,834
4294967294,832
4294967294,831
4294967294,830
4294967294,829
4294967294,828
4294967294,826
4294967294,825
4294967294,823
4294967294,822
4294967294,821
4294967294,820
4294967294,819
4294967294,818
4294967294,578
4294967294,816
4294967294,815
4294967294,814
4294967294,1453
4294967294,813
4294967294,812
4294967294,811
4294967294,809
4294967294,807
4294967294,806
4294967294,802
4294967294,801
4294967294,800
4294967294,799
4294967294,798
4294967294,797
4294967294,1804
4294967294,795
4294967294,793
4294967294,790
4294967294,789
4294967294,788
4294967294,787
4294967294,786
4294967294,785
4294967294,783
4294967294,782
4294967294,780
4294967294,779
4294967294,778
4294967294,776
4294967294,774
4294967294,773
4294967294,0
4294967294,771
4294967294,770
4294967294,711
4294967294,703
4294967294,702
4294967294,701
4294967294,700
4294967294,698
4294967294,2
4294967294,697
4294967294,696
4294967294,695
4294967294,693
4294967294,691
4294967294,690
4294967294,688
4294967294,687
4294967294,686
4294967294,685
4294967294,684
4294967294,682
4294967294,678
4294967294,677
4294967294,676
4294967294,24
4294967294,672
4294967294,704
4294967294,668
4294967294,664
4294967294,1070
4294967294,662
4294967294,660
4294967294,659
4294967294,46
4294967294,655
4294967294,652
4294967294,651
4294967294,650
4294967294,1801
4294967294,649
4294967294,647
4294967294,646
4294967294,643
4294967294,641
4294967294,640
4294967294,633
4294967294,1799
4294967294,630
4294967294,628
4294967294,99
4294967294,624
4294967294,107
4294967294,88
4294967294,86
4294967294,82
4294967294,623
4294967294,29
4294967294,28
4294967294,27
4294967294,45
4294967294,44
4294967294,638
1,3
1,0
4294967294,620
4294967294,731
4294967294,26
4294967294,619
4294967294,25
4294967294,1452
4294967294,627
4294967294,616
4294967294,615
4294967294,714
4294967294,613
4294967294,1
4294967294,612
4294967294,718
4294967294,611
4294967294,1277
4294967294,610
4294967294,609
4294967294,1279
4294967294,608
4294967294,709
4294967294,607
4294967294,728
4294967294,606
4294967294,605
4294967294,604
4294967294,727
4294967294,603
4294967294,723
4294967294,706
4294967294,716
4294967294,602
4294967294,715
4294967294,725
4294967294,915
4294967294,724
4294967294,878
4294967294,639
4294967294,875
4294967294,712
4294967294,792
4294967294,708
4294967294,791
4294967294,717
4294967294,138
4294967294,756
4294967294,1796
4294967294,1795
4294967294,139
4294967294,1425
4294967294,1430
4294967294,763
4294967294,1793
4294967294,1246
4294967294,751
4294967294,1622
4294967294,1621
4294967294,1619
4294967294,1792
4294967294,1750
4294967294,1614
4294967294,1613
4294967294,457
4294967294,1465
4294967294,1611
4294967294,1610
4294967294,1609
4294967294,1766
4294967294,1608
4294967294,1736
4294967294,1761
4294967294,1745
4294967294,1765
4294967294,1755
4294967294,443
4294967294,1606
4294967294,1605
4294967294,1431
4294967294,1753
4294967294,1604
4294967294,1732
4294967294,1603
4294967294,1770
4294967294,577
4294967294,1746
4294967294,1733
4294967294,396
4294967294,1735
4294967294,1756
4294967294,1740
4294967294,392
4294967294,579
4294967294,1731
4294967294,422
4294967294,479
4294967294,389
4294967294,599
4294967294,591
4294967294,430
4294967294,1034
4294967294,125
4294967294,1594
4294967294,1593
4294967294,1592
4294967294,1591
4294967294,1590
4294967294,1588
4294967294,1589
4294967294,1587
4294967294,1586
4294967294,1585
4294967294,1584
4294967294,1583
4294967294,1582
4294967294,1581
4294967294,1580
4294967294,1579
4294967294,1578
4294967279,258
4294967278,469
4294967278,468
4294967279,218
4294967279,240
4294967279,562
4294967278,467
4294967278,465
4294967279,515
4294967278,464
4294967278,463
4294967279,297
4294967279,347
4294967279,344
4294967294,453
4294967294,178
4294967294,595
4294967294,418
4294967294,454
4294967294,394
4294967294,391
4294967294,419
4294967294,384
4294967294,442
4294967294,404
4294967294,409
4294967294,401
4294967294,399
4294967294,448
4294967294,411
4294967294,181
4294967294,167
4294967294,191
4294967294,175
4294967294,1247
4294967294,398
4294967294,188
4294967294,185
4294967294,177
4294967294,182
4294967294,1165
4294967294,1164
4294967294,1162
4294967294,174
4294967294,172
4294967294,171
4294967294,160
4294967294,170
4294967294,582
4294967294,163
4294967294,393
